    unsorted:	 171.3472991 171.3472991 171.3472991 171.3472991 171.3472991 166.7757777 166.7761548 166.9298103 169.7609981 173.4400303 161.1366834 176.8657408 138.6139352 129.3308892 123.7354857 110.5257973 208.1889753 234.1467469 89.50629636 282.0185725 61.73444693 312.9123182 26.11567697 370.3911508 439.8174018 486.9908428 505.1206105 561.8136919 759.9882002 1165.558239 1394.170815 2371.531106 3972.164299 6111.840233 8099.699945 8535.502178 14191.93881 23066.26615 25618.68552 38902.17335 41578.39105 49503.56182 62404.99174 208233.5021 263255.7809 16717748.73
      sorted:	 26.11567697 61.73444693 89.50629636 110.5257973 123.7354857 129.3308892 138.6139352 161.1366834 166.7757777 166.7761548 166.9298103 169.7609981 171.3472991 171.3472991 171.3472991 171.3472991 171.3472991 173.4400303 176.8657408 208.1889753 234.1467469 282.0185725 312.9123182 370.3911508 439.8174018 486.9908428 505.1206105 561.8136919 759.9882002 1165.558239 1394.170815 2371.531106 3972.164299 6111.840233 8099.699945 8535.502178 14191.93881 23066.26615 25618.68552 38902.17335 41578.39105 49503.56182 62404.99174 208233.5021 263255.7809 16717748.73
